8200 1001111000000000 1 7 0000 1 2 0 0000 0000
8201 1000000000000000 0 0 0000 0 0 0 0000 0000
0000 1001000000001000 1 0 0008 1 1 0 0000 0000
0001 0101001000111111 1 1 0008 1 1 0 0000 0000
0002 0010000100000001 0 0 0000 1 1 0 0000 0000
0003 0000110000000011 0 0 0000 0 0 0 0000 0000
0004 0001000000111111 1 0 0007 1 1 0 0000 0000
0005 0001001001001000 1 1 0038 1 1 0 0000 0000
0006 0000111111111011 0 0 0000 0 0 0 0000 0000
0002 0010000100000001 0 0 0000 1 1 0 0000 0000
0003 0000110000000011 0 0 0000 0 0 0 0000 0000
0004 0001000000111111 1 0 0006 1 1 0 0000 0000
0005 0001001001001000 1 1 0150 1 1 0 0000 0000
0006 0000111111111011 0 0 0000 0 0 0 0000 0000
0002 0010000100000001 0 0 0000 1 1 0 0000 0000
0003 0000110000000011 0 0 0000 0 0 0 0000 0000
0004 0001000000111111 1 0 0005 1 1 0 0000 0000
0005 0001001001001000 1 1 0690 1 1 0 0000 0000
0006 0000111111111011 0 0 0000 0 0 0 0000 0000
0002 0010000100000001 0 0 0000 1 1 0 0000 0000
0003 0000110000000011 0 0 0000 0 0 0 0000 0000
0004 0001000000111111 1 0 0004 1 1 0 0000 0000
0005 0001001001001000 1 1 1A40 1 1 0 0000 0000
0006 0000111111111011 0 0 0000 0 0 0 0000 0000
0002 0010000100000001 0 0 0000 1 1 0 0000 0000
0003 0000110000000011 0 0 0000 0 0 0 0000 0000
0004 0001000000111111 1 0 0003 1 1 0 0000 0000
0005 0001001001001000 1 1 4EC0 1 1 0 0000 0000
0006 0000111111111011 0 0 0000 0 0 0 0000 0000
0002 0010000100000001 0 0 0000 1 1 0 0000 0000
0003 0000110000000011 0 0 0000 0 0 0 0000 0000
0004 0001000000111111 1 0 0002 1 1 0 0000 0000
0005 0001001001001000 1 1 9D80 1 4 0 0000 0000
0006 0000111111111011 0 0 0000 0 0 0 0000 0000
0002 0010000100000001 0 0 0000 1 1 0 0000 0000
0003 0000110000000011 0 0 0000 0 0 0 0000 0000
0004 0001000000111111 1 0 0001 1 1 0 0000 0000
0005 0001001001001000 1 1 9D80 1 4 0 0000 0000
0006 0000111111111011 0 0 0000 0 0 0 0000 0000
0002 0010000100000001 0 0 0000 1 2 0 0000 0000
0003 0000110000000011 0 0 0000 0 0 0 0000 0000
